0 1.00106732663 0.0286572735156 0.0 0.0
5 1.00164943845 0.0285326602871 0.023013810751 0.00383073492828
10 1.00270773389 0.0292981902653 0.0477571379116 0.00791622097311
15 1.00420184524 0.0306963706291 0.0715457670139 0.0117734146524
20 1.0060918833 0.032492991788 0.0944176247267 0.0154146156451
25 1.00834133868 0.0345046077702 0.116408490709 0.0188517437158
30 1.01091617776 0.036599933401 0.137552650216 0.0220961537618
35 1.01378464826 0.0386898372442 0.157883170093 0.0251587535952
40 1.01691671168 0.0407162802967 0.177431887769 0.0280497594212
45 1.02028480511 0.0426423331576 0.196229214017 0.0307788366163
50 1.02386332634 0.0444454972071 0.214304317729 0.0333551328669
55 1.02762842372 0.0461130041966 0.231685262529 0.035787335681
60 1.031557836 0.0476387374083 0.248399039107 0.0380836756122
65 1.03563082528 0.0490210675586 0.264471595708 0.0402519337254
70 1.03982811233 0.050261390665 0.279927863085 0.0422994614645
75 1.0441318225 0.0513631185659 0.294791782137 0.044233200441
80 1.04852540449 0.0523309871615 0.309086349923 0.0460597118594
85 1.05299354681 0.0531705844353 0.322833653864 0.0477851898949
90 1.05752207826 0.0538880309766 0.336054915773 0.0494154824319
95 1.06209793902 0.0544897219162 0.348770518233 0.0509561163532
100 1.06670906181 0.054982188082 0.36100004821 0.0524123092367
105 1.07134431816 0.0553719726755 0.37276232439 0.0537889764761
110 1.07599350652 0.0556655548954 0.384075406277 0.0550907467468
115 1.08064722329 0.0558692638547 0.394956675069 0.0563220035075
120 1.08529683292 0.0559892647191 0.405422829692 0.0574868735793
125 1.08993442777 0.0560315332795 0.415489910337 0.0585892381068
130 1.09455278221 0.0560017944935 0.425173351384 0.0596327756494
135 1.09914529052 0.0559055731467 0.434487971763 0.0606209226934
140 1.10370598679 0.0557481330338 0.443447998404 0.0615569334723
145 1.10822943772 0.055534499469 0.452067113228 0.0624438633029
150 1.11271075759 0.0552694674782 0.460358456484 0.063284581243
155 1.11714554398 0.0549575836225 0.46833465161 0.0640817896179
160 1.12152984233 0.0546031761004 0.476007829312 0.0648380261349
165 1.12586013394 0.0542103339423 0.483389637366 0.0655556836914
170 1.13013326689 0.0537829434136 0.490491282583 0.066237013906
175 1.13434645964 0.0533246816374 0.497323536235 0.0668841257105
180 1.13849727171 0.0528390120566 0.503896766455 0.067498987174
185 1.14258357572 0.0523292149363 0.510220919163 0.068083464261
190 1.14660353666 0.0517983762195 0.516305540759 0.0686393289712
195 1.15055557026 0.0512494029419 0.522159840696 0.0691682170205
200 1.15443837071 0.050685038525 0.527792647298 0.0696716636257
205 1.15825086502 0.0501078531232 0.533212451496 0.0701511234216
210 1.16199217293 0.0495202559055 0.538427423795 0.0706079593395
215 1.16566163058 0.0489245210117 0.54344540521 0.0710434370635
220 1.16925876841 0.0483227688651 0.548273932012 0.0714587568394
225 1.17278326897 0.0477169776399 0.552920255261 0.0718550441641
230 1.17623497522 0.0471090065189 0.557391337926 0.0722333486164
235 1.17961388419 0.046500584209 0.56169387195 0.0725946579813
240 1.18292010766 0.0458933193083 0.56583429975 0.0729398995081
245 1.18615387997 0.04528871122 0.569818809769 0.073269941834
250 1.18931555305 0.0446881476089 0.573653345621 0.0735856021657
255 1.19240556533 0.0440929127802 0.577343629057 0.073887645849
260 1.19542444592 0.0435041953308 0.580895158516 0.0741767896541
265 1.19837282094 0.0429230831062 0.584313217062 0.0744537106883
270 1.20125137208 0.0423505761509 0.587602889619 0.0747190418761
275 1.20406084273 0.0417875885269 0.590769068253 0.0749733787423
280 1.20680205554 0.0412349522709 0.59381644477 0.0752172763484
285 1.20947587858 0.0406934177224 0.596749535519 0.0754512618433
290 1.2120832166 0.0401636549486 0.599572691934 0.0756758309343
295 1.21462502078 0.0396462706535 0.602290087082 0.0758914412914
300 1.21710229389 0.0391417941557 0.604905730827 0.0760985301392
305 1.21951605492 0.0386506874741 0.60742348858 0.0762975084939
310 1.22186734862 0.0381733505533 0.609847074646 0.076488761807
315 1.22415725266 0.0377101226714 0.612180052796 0.076672650161
320 1.22638686069 0.0372612827465 0.614425854638 0.0768495166417
325 1.22855727674 0.0368270523882 0.616587785299 0.0770196844773
330 1.23066962096 0.0364076017061 0.618669018756 0.0771834532475
335 1.23272502586 0.036003049367 0.62067260455 0.077341110086
340 1.23472462339 0.035613465017 0.622601484149 0.0774929260006
345 1.23666955212 0.0352388695953 0.624458472372 0.0776391571897
350 1.23856095333 0.0348792454129 0.626246280387 0.0777800426307
355 1.24039996794 0.0345345298246 0.627967514033 0.0779158114096
360 1.24218772978 0.0342046221252 0.629624696131 0.0780466796188
365 1.24392537119 0.0338893857326 0.631220259538 0.0781728459048
370 1.24561402159 0.0335886512051 0.632756533546 0.07829450335
375 1.24725479844 0.0333022162969 0.634235728207 0.0784118459033
380 1.24884881027 0.0330298491528 0.635659956706 0.0785250402498
385 1.25039715831 0.0327712946002 0.637031332518 0.0786342497122
390 1.25190093188 0.0325262718291 0.638351828064 0.0787396311458
395 1.25336120623 0.0322944786002 0.639623366582 0.0788413305846
400 1.25477904474 0.0320755920181 0.64084777087 0.0789394836093
405 1.25615549719 0.0318692763758 0.64202681135 0.0790342309648
410 1.2574915986 0.0316751790029 0.643162233376 0.0791257227081
415 1.25878836801 0.0314929348336 0.644255660687 0.079214083351
420 1.2600468112 0.031322167426 0.645308671354 0.0792994135767
425 1.26126791511 0.0311624975752 0.646322727451 0.0793817918434
430 1.26245265152 0.0310135353763 0.647299319274 0.0794613680274
435 1.26360197387 0.0308748879056 0.648239831754 0.0795382362977
440 1.26471681706 0.0307461571129 0.649145611171 0.0796124909165
445 1.26579809808 0.0306269510505 0.650017997172 0.0796841970853
450 1.26684671961 0.0305168747963 0.650858213831 0.0797534731148
455 1.2678635667 0.0304155354935 0.651667478521 0.0798203991884
460 1.26884950697 0.0303225418877 0.652446931503 0.0798850563191
465 1.26980539037 0.0302375093571 0.653197692775 0.0799475300947
470 1.27073204585 0.0301600601163 0.653920833906 0.0800078944853
475 1.2716302855 0.0300898230283 0.654617386757 0.080066224751
